     Werte der linksoben-b걆digen (2 mal 2  bis  20 mal 20)-Determinanten
              der (20 mal 20)-Matrix, mit den Wertezuweisungen
                    f걊 die Variablen  n0101  bis  n2020,
         wie sie im Urzustand der Prozedur DET_E_A.CMD definiert sind.

                            (Datei: DETERG.DAT)

컴컴컴컴컴컴컴컴컴컴컴컴컴컴컴컴컴컴컴컴컴컴컴컴컫컴컴컴컴컴컴컴컴컴컴컴컴컴컴
DET_E_A.CMD mit DET.CMD (REXX-Prozeduren)             MATHEMATICA
컴컴컴컴컴컴컴컴컴컴컴컴컴컴컴컴컴컴컴컴컴컴컴컴컵컴컴컴컴컴컴컴컴컴컴컴컴컴컴
                                                 
Det2  = -10                                          -10
                                                 
Det3  = 152                                          152
                                                 
Det4  = 286                                          286
                                                 
Det5  = 33256                                        33256
                                                 
Det6  = -740564                                     -740564
                                                 
Det7  = -34776870                                   -3.477687000000002E+7
                                                 
Det8  = -777709269.87                               -7.777092698700001E+8
                                                 
Det9  = -79708504094.007                            -7.970850409400697E+10
                                                 
Det10 = 1940549427578.2289084                        1.940549427578229E+12
                                                 
Det11 = -38009769214845.0439824                     -3.800976921484501E+13
                                                 
Det12 = 669121869967684.1997148                      6.691218699676863E+14
                                                 
Det13 = 13579462514896472.7974716                    1.357946251689642E+16
                                                 
Det14 = -673429315455101326.0521254                 -6.734293154551031E+17
                                                 
Det15 = -3728263510843963473.8198116                -3.72826351084396E+18
                                                 
Det16 = 87327996991257811769.4653562                 8.73279969912577E+19
                                                 
Det17 = -476512860130266534011.3083054              -4.765128601302663E+20
                                                 
Det18 = 11169572396711655268097.58831934             1.116957239671165E+22
                                                 
Det19 = -81473238532740377354255.5184428604         -8.14732385327404E+22
                                                 
Det20 = -454918237371443155302623.51474099532       -4.549182373714435E+23
                                                 
컴컴컴컴컴컴컴컴컴컴컴컴컴컴컴컴컴컴컴컴컴컴컴컴컨컴컴컴컴컴컴컴컴컴컴컴컴컴컴













